trade_date,open,high,low,close,vol,amount,ma5,ma10,ma20,ma30,ma60
20190102,7.41,7.48,7.34,7.44,12536.0,9285.271999999999,,,,,
20190103,7.44,7.53,7.38,7.45,8397.65,6265.906999999999,,,,,
20190104,7.36,7.72,7.3,7.71,13737.6,10415.01,,,,,
20190107,7.79,7.9,7.72,7.83,15671.49,12252.806,,,,,
20190108,7.82,7.92,7.81,7.87,12501.06,9839.684000000001,7.659999999999999,,,,
20190109,7.87,7.99,7.85,7.85,12903.06,10226.63,7.742,,,,
20190110,7.85,7.97,7.82,7.9,10700.83,8475.351,7.831999999999999,,,,
20190111,7.89,8.04,7.87,8.02,13466.0,10779.381000000001,7.893999999999998,,,,
20190114,8.02,8.27,8.0,8.15,17705.0,14478.357,7.957999999999998,,,,
20190115,8.1,8.24,8.06,8.23,12229.83,9982.409,8.03,7.845000000000001,,,
20190116,8.2,8.36,8.13,8.16,17254.0,14202.233,8.092,7.917,,,
20190117,8.16,8.26,7.95,8.11,18049.24,14642.095,8.134,7.983,,,
20190118,8.07,8.19,8.02,8.09,13134.0,10632.503,8.148000000000001,8.021,,,
20190121,8.17,8.36,8.1,8.27,24173.0,19939.128,8.172,8.065000000000001,,,
20190122,8.29,8.36,8.07,8.07,15418.0,12630.806,8.14,8.084999999999999,,,
20190123,8.07,8.23,8.03,8.16,17929.07,14599.95,8.14,8.116,,,
20190124,8.06,8.19,8.03,8.11,14364.0,11687.101999999999,8.14,8.136999999999999,,,
20190125,8.16,8.2,8.02,8.04,15016.0,12171.905,8.13,8.139,,,
20190128,8.15,8.15,7.58,7.64,29063.0,22700.342,8.004000000000001,8.088,,,
20190129,7.56,7.78,7.52,7.58,21126.0,16174.296999999999,7.9060000000000015,8.023,7.934,,
20190130,7.66,7.66,7.37,7.4,15837.0,11921.046999999999,7.754000000000002,7.947,7.932,,
20190131,7.46,7.57,7.04,7.14,16070.07,11709.813999999998,7.560000000000002,7.85,7.916500000000001,,
20190201,7.18,7.38,7.16,7.38,14232.42,10392.601999999999,7.428000000000003,7.778999999999999,7.9,,
20190211,7.38,7.63,7.38,7.53,13550.91,10177.324,7.406000000000003,7.705,7.885,,
20190212,7.53,7.68,7.53,7.64,16782.01,12791.281,7.418000000000004,7.662000000000001,7.873499999999998,,
20190213,7.69,7.79,7.52,7.77,13152.8,10120.882,7.492000000000003,7.623,7.8694999999999995,,
20190214,7.76,7.76,7.65,7.71,18273.31,14064.7,7.606000000000003,7.583,7.859999999999999,,
20190215,7.71,7.78,7.64,7.68,17764.01,13697.06,7.666000000000002,7.547,7.842999999999999,,
20190218,7.73,7.94,7.7,7.89,23049.02,18014.308,7.738000000000002,7.572,7.829999999999998,,
20190219,7.87,7.99,7.85,7.95,24806.01,19664.463,7.8000000000000025,7.609,7.815999999999998,7.825666666666666,
20190220,7.97,8.18,7.93,8.15,32297.69,26008.452999999998,7.876000000000002,7.684,7.815499999999998,7.849333333333333,
20190221,8.14,8.14,7.96,7.99,34261.01,27561.924,7.932000000000002,7.769,7.8095,7.867333333333334,
20190222,7.96,8.05,7.9,8.05,27058.05,21571.375,8.006000000000002,7.836,7.8075,7.878666666666667,
20190225,8.05,8.44,8.05,8.41,50680.93,41932.82,8.110000000000003,7.9239999999999995,7.8145,7.898,
20190226,8.42,8.78,8.29,8.52,66222.59,56557.047,8.224,8.011999999999999,7.837000000000001,7.919666666666667,
20190227,8.49,8.63,8.37,8.43,47662.96,40616.512,8.280000000000001,8.078,7.850500000000001,7.939000000000001,
20190228,8.48,8.58,8.46,8.56,27253.37,23211.757,8.394000000000002,8.163,7.873000000000002,7.961,
20190301,8.57,8.88,8.51,8.73,58370.67,50662.474,8.530000000000001,8.268,7.9075000000000015,7.984666666666667,
20190304,8.67,8.97,8.64,8.78,70210.09,61656.592000000004,8.604000000000003,8.357000000000001,7.964500000000003,8.005666666666666,
20190305,8.81,9.45,8.75,9.34,90566.57,82411.113,8.768000000000004,8.496,8.052500000000002,8.042666666666667,
20190306,9.29,9.35,9.11,9.32,82122.03,75882.07400000001,8.946000000000003,8.613,8.148500000000002,8.081333333333333,
20190307,9.2,9.56,9.2,9.47,76952.08,72380.755,9.128000000000004,8.761,8.265000000000002,8.126666666666667,
20190308,9.2,9.37,8.92,8.92,66403.0,60744.358,9.166000000000002,8.848,8.342000000000002,8.154333333333334,
20190311,8.92,9.22,8.9,9.21,44064.27,40004.647000000004,9.252000000000002,8.928,8.426000000000002,8.185666666666666,
20190312,9.25,9.43,9.12,9.24,52365.45,48724.988,9.232000000000003,9.0,8.506000000000004,8.224666666666668,
20190313,9.23,9.48,9.18,9.4,70779.23,66244.479,9.248000000000001,9.097,8.587500000000002,8.266,
20190314,9.39,9.39,8.87,8.93,51130.95,46417.073,9.140000000000002,9.134,8.648500000000002,8.293333333333331,
20190315,8.97,9.11,8.92,9.02,31892.4,28754.109,9.160000000000002,9.163,8.715500000000002,8.325999999999999,
20190318,9.05,9.37,8.97,9.28,42884.81,39456.549,9.174000000000003,9.213,8.785000000000004,8.380666666666665,
20190319,9.29,9.58,9.14,9.2,33298.0,30983.19,9.166,9.199,8.847500000000004,8.434666666666665,
20190320,9.23,9.32,8.96,9.26,40757.1,37345.906,9.138000000000002,9.193000000000001,8.903000000000002,8.496666666666664,
20190321,9.38,9.45,9.25,9.36,58616.99,54806.386,9.224,9.182,8.971500000000002,8.570666666666664,
20190322,9.32,9.36,9.13,9.36,37067.57,34254.442,9.292000000000002,9.226,9.037000000000003,8.636666666666665,
20190325,9.22,9.33,9.14,9.22,29792.36,27533.432999999997,9.280000000000001,9.227,9.077500000000004,8.693000000000001,
20190326,9.27,10.14,9.17,10.14,239376.78,239402.46899999998,9.468,9.317000000000002,9.158500000000002,8.776333333333334,
20190327,9.9,10.9,9.65,10.59,272202.76,278154.72,9.734000000000002,9.436000000000002,9.266500000000002,8.870333333333333,
20190328,10.14,10.43,9.95,9.98,132606.58,135371.63,9.858,9.541000000000002,9.337500000000002,8.946000000000002,
20190329,10.02,10.15,9.7,10.0,85345.51,84931.24,9.986,9.639000000000003,9.401000000000002,9.023333333333335,
20190401,10.11,11.0,10.11,11.0,176136.6,187699.924,10.342000000000002,9.811000000000003,9.512000000000002,9.127000000000002,
20190402,11.17,11.77,10.83,10.98,214552.81,243507.242,10.510000000000002,9.989000000000003,9.594000000000001,9.228000000000003,8.526833333333332
20190403,10.91,11.48,10.67,11.33,112873.97,126197.43199999999,10.658000000000001,10.196000000000002,9.694500000000001,9.334000000000003,8.591666666666665
20190404,11.3,11.77,11.06,11.6,112958.84,129561.3,10.982,10.420000000000002,9.801000000000002,9.454333333333336,8.660833333333331
20190408,11.6,11.74,11.04,11.13,96835.7,109641.246,11.207999999999998,10.597000000000001,9.911500000000002,9.557000000000004,8.71783333333333
20190409,11.09,11.3,10.97,11.14,50766.42,56619.847,11.235999999999999,10.789000000000001,10.008000000000003,9.648000000000001,8.772999999999996
20190410,11.14,11.25,10.94,11.06,51047.97,56531.887,11.251999999999999,10.881000000000002,10.099000000000002,9.732666666666669,8.826166666666662
20190411,11.14,11.67,11.03,11.5,93752.63,107301.853,11.285999999999998,10.972000000000001,10.204000000000002,9.835000000000003,8.886999999999995
20190412,11.45,12.38,11.36,12.2,114096.96,136516.043,11.405999999999999,11.194,10.367500000000001,9.956333333333335,8.958666666666662
20190415,12.5,12.6,11.75,11.77,80062.0,96286.59800000001,11.533999999999999,11.371,10.505,10.057666666666668,9.021166666666662
20190416,11.8,12.1,11.73,11.9,61098.55,72628.245,11.685999999999998,11.461000000000002,10.636000000000001,10.161666666666667,9.083666666666662
20190417,11.89,12.22,11.55,12.15,73118.28,86407.205,11.904,11.578000000000001,10.783500000000002,10.255333333333335,9.148999999999996
20190418,12.15,12.17,11.11,11.31,124887.92,142741.048,11.866,11.576000000000002,10.886000000000003,10.321666666666667,9.201499999999994
20190419,11.05,11.28,11.02,11.16,49774.0,55501.182,11.657999999999998,11.532000000000002,10.976000000000003,10.378000000000002,9.252333333333327
20190422,11.28,11.39,11.08,11.13,41106.01,46267.407,11.529999999999998,11.532000000000002,11.0645,10.451666666666666,9.302999999999994
20190423,11.16,11.24,10.6,10.65,54802.66,59147.986,11.28,11.483000000000002,11.136000000000001,10.499666666666666,9.342666666666661
20190424,10.71,10.86,10.6,10.83,30453.04,32750.785,11.016000000000002,11.460000000000003,11.1705,10.552666666666665,9.38866666666666
20190425,10.88,10.91,10.03,10.12,41281.27,43240.505,10.778,11.322000000000003,11.147000000000002,10.576666666666666,9.421333333333328
20190426,10.18,10.28,9.95,10.0,26497.77,26699.68,10.546000000000001,11.102000000000002,11.148000000000001,10.612333333333334,9.452833333333327
20190429,10.17,10.23,9.92,9.99,32588.78,32758.12,10.318000000000001,10.924000000000003,11.147500000000003,10.644666666666668,9.485333333333328
20190430,9.99,10.39,9.99,10.39,29394.8,30114.943,10.266000000000002,10.773000000000001,11.117,10.681666666666668,9.53116666666666
20190506,10.2,10.88,9.87,10.1,61172.4,63529.43,10.120000000000001,10.568000000000001,11.073000000000002,10.71166666666667,9.57316666666666
20190507,10.02,10.47,10.02,10.28,30091.39,30812.792999999998,10.152000000000003,10.465,11.020500000000002,10.745666666666668,9.62116666666666
20190508,10.0,10.26,9.9,10.05,24427.0,24659.03,10.162000000000003,10.354000000000001,10.943000000000001,10.768666666666668,9.66966666666666
20190509,10.0,10.12,9.93,9.97,18126.22,18139.885,10.158000000000003,10.238000000000001,10.885000000000002,10.789000000000003,9.712833333333327
20190510,10.06,10.25,9.82,10.25,27253.0,27570.692000000003,10.130000000000003,10.198,10.840500000000002,10.823333333333334,9.75816666666666
20190513,10.18,10.28,10.0,10.24,13768.65,13965.604,10.158000000000003,10.139,10.799500000000004,10.82666666666667,9.801499999999995
20190514,10.18,10.7,10.07,10.52,40418.52,42107.210999999996,10.206000000000003,10.178999999999998,10.750500000000004,10.824333333333335,9.847333333333328
20190515,10.56,10.82,10.48,10.63,31451.92,33617.523,10.322000000000003,10.241999999999999,10.672000000000004,10.846000000000002,9.895999999999994
20190516,10.63,10.78,10.56,10.71,22640.53,24140.697999999997,10.470000000000002,10.314,10.619000000000003,10.869666666666667,9.946499999999995
20190517,10.7,10.71,10.07,10.11,31154.57,32430.84,10.442000000000004,10.286,10.529500000000002,10.840000000000002,9.983499999999996
20190520,10.11,10.26,9.7,9.96,24009.57,23804.342,10.386000000000003,10.272,10.420000000000003,10.806000000000001,10.016999999999996
20190521,9.96,10.23,9.96,10.06,19965.0,20118.118000000002,10.294000000000002,10.25,10.357500000000003,10.763666666666667,10.048833333333329
20190522,10.1,10.23,10.01,10.08,13664.48,13825.958999999999,10.184000000000001,10.253,10.303500000000003,10.713,10.083666666666662
20190523,10.17,10.17,9.7,9.76,20090.01,19892.904,9.994000000000002,10.232000000000001,10.235000000000003,10.667333333333334,10.112166666666663
20190524,9.76,9.88,9.7,9.72,11544.0,11292.481000000002,9.916,10.179,10.188500000000003,10.620000000000001,10.133999999999997
20190527,9.75,9.85,9.38,9.65,26655.0,25464.127,9.854000000000001,10.120000000000001,10.129500000000004,10.573,10.15283333333333
20190528,9.66,9.81,9.58,9.67,18718.32,18180.918999999998,9.776,10.035000000000002,10.107000000000003,10.512,10.173499999999997
20190529,9.73,9.88,9.59,9.78,14048.0,13743.548999999999,9.716000000000001,9.950000000000003,10.096000000000002,10.431333333333333,10.193833333333332
20190530,9.8,10.15,9.74,9.97,22795.29,22647.855,9.758000000000001,9.876000000000001,10.095000000000002,10.371333333333334,10.214499999999997
20190531,10.02,10.08,9.8,9.87,16063.29,15932.567,9.788,9.852000000000002,10.069000000000003,10.303666666666668,10.232666666666665
20190603,9.88,9.9,9.54,9.56,17288.0,16722.205,9.770000000000001,9.812000000000003,10.042000000000003,10.217333333333336,10.23633333333333
20190604,9.58,9.74,9.5,9.56,9615.49,9233.101999999999,9.748000000000001,9.762000000000004,10.006000000000004,10.159000000000002,10.240333333333329
20190605,9.65,9.7,9.33,9.35,17879.01,16862.751,9.662000000000003,9.689000000000004,9.971000000000002,10.09866666666667,10.238333333333328
20190606,9.38,9.45,8.85,8.87,20622.0,18581.675,9.442000000000002,9.600000000000003,9.916000000000002,10.023333333333337,10.237499999999995
20190610,8.81,9.09,8.81,9.02,16716.0,15022.503999999999,9.272000000000002,9.530000000000003,9.854500000000003,9.969000000000003,10.234333333333328
20190611,9.01,9.45,8.96,9.38,19231.55,17825.167,9.236,9.503000000000002,9.811500000000002,9.920666666666671,10.236666666666661
20190612,9.38,9.54,9.31,9.49,15276.0,14486.608,9.222000000000001,9.485000000000001,9.760000000000002,9.89966666666667,10.238166666666663
20190613,9.48,9.75,9.41,9.64,14397.26,13832.678999999998,9.280000000000001,9.471,9.710500000000001,9.88766666666667,10.249999999999996
20190614,9.69,9.87,9.34,9.38,17087.04,16432.236,9.382000000000001,9.412,9.644000000000002,9.867333333333336,10.255999999999997
20190617,9.47,9.65,9.37,9.47,11868.26,11252.056,9.472000000000003,9.372,9.612,9.836666666666671,10.259166666666664
20190618,9.69,9.69,9.3,9.33,14678.84,13822.784,9.462000000000002,9.349,9.5805,9.811000000000003,10.261333333333331
20190619,9.48,9.74,9.48,9.63,19102.86,18358.499,9.490000000000002,9.355999999999998,9.559000000000001,9.789333333333337,10.267499999999997
20190620,9.6,9.68,9.45,9.6,13435.36,12877.751,9.482000000000003,9.380999999999998,9.535,9.774333333333338,10.271499999999998
20190621,9.7,10.08,9.58,9.86,26227.57,25762.213,9.578000000000001,9.479999999999999,9.540000000000001,9.77066666666667,10.27983333333333
20190624,9.86,9.98,9.65,9.71,12842.92,12554.292,9.626000000000001,9.549,9.5395,9.75266666666667,10.287999999999998
20190625,9.76,9.8,9.56,9.7,11934.0,11525.311000000002,9.700000000000003,9.581,9.542,9.73466666666667,10.280666666666665
20190626,9.66,9.71,9.2,9.62,18897.25,18061.171000000002,9.698000000000002,9.594000000000001,9.5395,9.70466666666667,10.264499999999998
20190627,9.66,9.68,9.45,9.51,16653.11,15906.095,9.680000000000001,9.581000000000001,9.526,9.667333333333337,10.256666666666664
20190628,9.51,9.57,9.27,9.35,15263.27,14307.011999999999,9.578000000000001,9.578000000000001,9.495000000000001,9.622000000000005,10.245833333333332
20190701,9.5,9.99,9.5,9.56,18367.91,17591.398,9.548000000000002,9.587000000000002,9.4795,9.60366666666667,10.22183333333333
20190702,9.55,9.82,9.52,9.79,16934.6,16356.081,9.566000000000003,9.633000000000003,9.491,9.598000000000006,10.201999999999996
20190703,9.79,10.3,9.67,10.07,55221.67,55316.242,9.656000000000002,9.677000000000003,9.516499999999999,9.598333333333338,10.180999999999996
20190704,9.98,9.98,9.58,9.68,37133.53,36169.665,9.690000000000003,9.685000000000006,9.533,9.585000000000006,10.148999999999996
20190705,9.68,9.78,9.58,9.65,11760.42,11355.17,9.750000000000004,9.664000000000005,9.572,9.581333333333339,10.124333333333329
20190708,9.7,9.7,9.44,9.5,11962.0,11354.021999999999,9.738000000000003,9.643000000000006,9.596,9.574000000000005,10.096999999999996
20190709,9.45,9.61,9.43,9.52,7146.4,6792.246999999999,9.684000000000001,9.625000000000005,9.603,9.569666666666672,10.07133333333333
20190710,9.79,9.82,9.46,9.56,9837.0,9443.507,9.582000000000003,9.619000000000005,9.6065,9.566000000000004,10.038999999999994
20190711,9.74,10.4,9.69,9.84,39905.95,39672.393,9.614000000000003,9.652000000000005,9.616499999999998,9.568000000000005,9.999666666666661
20190712,9.8,9.8,9.6,9.75,21052.55,20424.623,9.634000000000004,9.692000000000005,9.635,9.56066666666667,9.965999999999996
20190715,9.75,10.09,9.69,9.92,22610.93,22408.713,9.718000000000004,9.728000000000005,9.657499999999999,9.562333333333337,9.932999999999995
20190716,9.86,9.97,9.81,9.93,16878.05,16743.019,9.800000000000002,9.742000000000008,9.687499999999998,9.57466666666667,9.895999999999994
20190717,9.94,9.98,9.79,9.89,16507.88,16333.193000000001,9.866000000000003,9.724000000000007,9.7005,9.58566666666667,9.872333333333328
20190718,9.79,9.85,9.6,9.6,15237.42,14785.382,9.818000000000003,9.716000000000005,9.7005,9.594000000000003,9.846333333333328
20190719,9.66,9.91,9.61,9.84,14524.4,14225.534,9.836000000000004,9.735000000000005,9.6995,9.626333333333337,9.824833333333329
20190722,9.84,9.96,9.42,9.65,19351.63,18694.365,9.782000000000004,9.750000000000005,9.6965,9.647333333333336,9.808166666666663
20190723,9.65,9.95,9.65,9.95,22126.05,21831.827999999998,9.786000000000003,9.793000000000006,9.709,9.666333333333336,9.793499999999996
20190724,9.99,10.02,9.9,9.95,16633.99,16539.941000000003,9.798000000000002,9.832000000000006,9.7255,9.681666666666668,9.790666666666663
20190725,9.94,10.04,9.9,9.98,13430.0,13389.905,9.874000000000002,9.846000000000007,9.748999999999999,9.693000000000003,9.790333333333331
20190726,9.91,9.96,9.75,9.89,12989.0,12828.695,9.884000000000004,9.860000000000007,9.776,9.710000000000003,9.788666666666664
20190729,9.89,9.96,9.76,9.76,12099.0,11874.973,9.906000000000002,9.844000000000007,9.786,9.719666666666667,9.778166666666664
20190730,9.91,9.91,9.74,9.79,13808.03,13512.979,9.874000000000004,9.830000000000007,9.786,9.735000000000003,9.772999999999996
20190731,9.75,9.75,9.58,9.63,14431.0,13936.149,9.810000000000006,9.804000000000006,9.764,9.735000000000003,9.762166666666664
20190801,9.62,9.76,9.46,9.68,12353.19,11958.93,9.750000000000005,9.812000000000006,9.764,9.737666666666668,9.755999999999997
20190802,9.57,9.63,9.34,9.49,16439.01,15601.694,9.670000000000005,9.777000000000005,9.756,9.725333333333335,9.747999999999996
20190805,9.42,9.48,9.22,9.23,14224.05,13327.097,9.564000000000005,9.735000000000005,9.7425,9.709333333333337,9.730999999999996
20190806,9.05,9.17,8.63,8.91,19412.11,17314.128,9.388000000000007,9.631000000000004,9.712,9.683000000000003,9.70883333333333
20190807,9.16,9.39,8.98,9.31,22562.07,20768.032,9.324000000000007,9.567000000000004,9.699499999999999,9.67266666666667,9.688666666666661
20190808,9.31,9.67,9.26,9.6,25052.01,23904.197,9.308000000000007,9.529000000000003,9.687499999999998,9.675666666666672,9.671499999999996
20190809,9.61,9.89,9.51,9.74,25403.56,24782.541,9.358000000000008,9.514000000000003,9.687,9.688666666666672,9.655333333333328
20190812,9.73,9.91,9.71,9.8,18702.09,18311.609,9.472000000000005,9.518000000000002,9.681000000000001,9.69666666666667,9.65016666666666
20190813,9.85,9.97,9.82,9.96,28729.92,28470.457000000002,9.682000000000006,9.535000000000002,9.682500000000001,9.702333333333337,9.65016666666666
20190814,9.95,9.98,9.22,9.45,66449.59,63339.209,9.710000000000004,9.517000000000003,9.660499999999999,9.68166666666667,9.639999999999995
20190815,9.06,9.45,8.91,9.37,30624.0,28332.338,9.664000000000005,9.486000000000004,9.649,9.671333333333337,9.628166666666662
20190816,9.37,9.65,9.25,9.48,20885.42,19796.069,9.612000000000005,9.485000000000005,9.630999999999998,9.665666666666672,9.623499999999996
20190819,9.5,9.71,9.45,9.61,20604.46,19726.377,9.574000000000003,9.523000000000005,9.628999999999998,9.669333333333338,9.621666666666663
20190820,9.62,9.69,9.54,9.57,16587.12,15937.278999999999,9.496000000000004,9.589000000000004,9.609999999999998,9.671000000000005,9.62033333333333
20190821,9.55,9.62,9.42,9.47,14512.89,13756.085,9.500000000000004,9.605000000000004,9.585999999999999,9.668000000000006,9.616999999999997
20190822,9.47,9.57,9.14,9.21,28210.67,26116.98,9.468000000000004,9.566000000000006,9.5475,9.647000000000007,9.607499999999998
20190823,9.21,9.43,9.07,9.27,22871.01,21231.0,9.426000000000002,9.519000000000005,9.516499999999999,9.631000000000006,9.595833333333331
20190826,9.12,9.26,8.92,9.17,15804.03,14487.976,9.338000000000003,9.456000000000007,9.486999999999998,9.606000000000005,9.584166666666665
20190827,9.16,9.44,9.16,9.39,22074.26,20629.299,9.302000000000003,9.399000000000006,9.467,9.588000000000005,9.581333333333331
20190828,9.43,9.48,9.23,9.29,19790.0,18404.088,9.266000000000002,9.383000000000006,9.45,9.568000000000007,9.576833333333331
20190829,9.26,9.33,9.14,9.15,18327.29,16821.338,9.254000000000001,9.361000000000006,9.4235,9.553000000000004,9.573499999999997
20190830,9.15,9.25,8.93,8.96,18393.41,16671.764,9.192000000000002,9.309000000000005,9.397,9.523666666666672,9.574999999999998
20190902,9.07,9.16,9.0,9.15,14030.1,12775.67,9.188,9.263000000000005,9.393,9.507000000000005,9.577166666666665
20190903,9.14,9.3,9.12,9.28,17368.11,16021.208,9.166,9.234000000000005,9.4115,9.484666666666671,9.575499999999998
20190904,9.28,9.4,9.2,9.38,23003.91,21418.915,9.184000000000001,9.225000000000005,9.415000000000001,9.465666666666671,9.573666666666664
20190905,9.42,9.52,9.39,9.43,23848.97,22572.38,9.240000000000002,9.247000000000005,9.406500000000001,9.447333333333338,9.570166666666664
20190906,9.43,9.55,9.37,9.51,22836.82,21659.777000000002,9.350000000000001,9.271000000000006,9.395,9.43466666666667,9.57233333333333
20190909,9.55,9.69,9.51,9.6,29714.0,28502.278,9.440000000000001,9.314000000000005,9.385,9.42933333333334,9.574499999999997
20190910,9.68,9.8,9.58,9.74,31605.24,30674.541,9.532000000000002,9.349000000000006,9.373999999999999,9.427666666666672,9.58133333333333
20190911,9.73,9.84,9.67,9.71,18735.22,18219.569,9.598000000000003,9.391000000000005,9.387,9.430333333333339,9.582666666666663
20190912,9.75,9.9,9.63,9.87,26274.82,25829.016,9.686000000000002,9.463000000000005,9.412,9.436666666666671,9.587166666666663
20190916,9.87,10.14,9.76,10.12,37821.42,37843.7,9.808000000000002,9.579000000000004,9.444,9.457666666666672,9.591499999999996
20190917,10.12,10.12,9.75,9.92,31602.6,31321.362,9.872000000000002,9.656000000000004,9.4595,9.480666666666671,9.594999999999995
20190918,9.92,10.06,9.85,9.89,15644.95,15548.937,9.902000000000001,9.717000000000004,9.4755,9.513333333333337,9.59816666666666
20190919,10.31,10.48,10.05,10.4,61215.05,62824.735,10.040000000000001,9.819000000000006,9.522,9.549666666666669,9.61116666666666
20190920,10.51,10.62,10.3,10.5,47045.86,49223.925,10.166,9.926000000000005,9.5865,9.579666666666668,9.627666666666661
20190923,10.61,10.96,10.47,10.8,47131.66,50517.462999999996,10.302000000000003,10.055000000000003,9.663,9.615000000000002,9.651833333333325
20190924,10.67,10.92,10.63,10.63,41014.38,44021.630999999994,10.444000000000003,10.158000000000005,9.736,9.642666666666667,9.66966666666666
20190926,9.57,9.57,9.57,9.57,3528.0,3376.296,10.380000000000003,10.141000000000004,9.745,9.629666666666669,9.665999999999995
20190927,8.61,8.97,8.61,8.81,103764.87,90948.06300000001,10.062000000000003,10.051000000000005,9.721,9.608333333333336,9.644999999999992
20190930,8.7,8.83,8.49,8.51,62831.21,54259.33,9.664000000000003,9.915000000000004,9.688999999999998,9.579666666666668,9.625499999999994
20191008,8.48,8.65,8.4,8.51,29077.88,24896.287999999997,9.206000000000003,9.754000000000005,9.666499999999997,9.547333333333334,9.606499999999993
20191009,8.5,8.83,8.3,8.75,31310.01,27075.612999999998,8.830000000000002,9.637000000000004,9.646499999999998,9.518666666666666,9.593999999999994
20191010,8.78,8.91,8.74,8.78,25523.69,22490.478,8.672000000000002,9.526000000000005,9.621499999999997,9.492333333333333,9.58166666666666
20191011,8.76,8.93,8.74,8.81,24772.14,21884.327999999998,8.672000000000002,9.367000000000004,9.592999999999998,9.470333333333333,9.56916666666666
20191014,8.87,8.95,8.79,8.88,32622.34,28879.985,8.746000000000004,9.205000000000004,9.565499999999997,9.459333333333332,9.55316666666666
20191015,8.91,8.95,8.7,8.88,31728.0,28047.387000000002,8.820000000000004,9.013000000000003,9.533999999999997,9.446333333333333,9.53866666666666
20191016,8.84,8.91,8.75,8.76,25209.07,22167.673,8.822000000000005,8.826000000000004,9.491999999999997,9.432666666666666,9.519333333333327
20191017,8.72,8.86,8.69,8.7,18316.1,16037.133999999998,8.806000000000003,8.739000000000004,9.439999999999996,9.409666666666665,9.498833333333328
20191018,8.73,8.77,8.42,8.55,23273.05,19938.998,8.754000000000001,8.713000000000005,9.381999999999996,9.384999999999998,9.476499999999994
20191021,8.55,8.6,8.35,8.45,14934.0,12581.77,8.668000000000003,8.707000000000004,9.310999999999996,9.361666666666666,9.45733333333333
20191022,8.52,8.68,8.35,8.65,23528.09,20205.107,8.622000000000002,8.721000000000004,9.237499999999995,9.351333333333333,9.437499999999995
20191023,8.63,8.71,8.51,8.64,13877.33,11961.833,8.598000000000003,8.710000000000004,9.173499999999997,9.334333333333332,9.42066666666666
20191024,8.65,8.65,8.49,8.59,16285.0,13922.257,8.576000000000002,8.691000000000004,9.108499999999998,9.311333333333332,9.397999999999994
20191025,8.59,8.65,8.35,8.61,16260.0,13911.14,8.588000000000003,8.671000000000003,9.018999999999998,9.285666666666666,9.37566666666666
20191028,8.63,8.78,8.57,8.65,21520.0,18572.463,8.628000000000004,8.648000000000005,8.926499999999999,9.259666666666666,9.353499999999993
20191029,8.65,8.65,8.51,8.55,14066.2,12062.702,8.608000000000002,8.615000000000006,8.813999999999998,9.227666666666666,9.33116666666666
20191030,8.55,8.59,8.4,8.43,13193.33,11156.685,8.566000000000003,8.582000000000004,8.703999999999999,9.188666666666666,9.308999999999992
20191031,8.43,8.48,8.14,8.24,24436.0,20238.342,8.496000000000004,8.536000000000003,8.6375,9.138666666666666,9.28316666666666
20191101,8.24,8.37,8.1,8.28,23510.0,19410.79,8.430000000000003,8.509000000000004,8.611,9.091,9.260666666666658
20191104,8.34,8.76,8.34,8.38,27876.26,23622.732999999997,8.376000000000005,8.502000000000002,8.6045,9.041333333333332,9.238999999999994
20191105,8.34,8.37,8.18,8.29,24149.3,19963.121,8.324000000000003,8.466000000000003,8.5935,8.980333333333332,9.218999999999992
20191106,8.28,8.4,8.2,8.23,16215.0,13424.046999999999,8.284000000000004,8.425000000000002,8.567499999999999,8.924,9.202333333333325
20191107,8.15,8.36,8.11,8.3,13665.0,11315.923,8.296000000000005,8.396000000000003,8.5435,8.871,9.192166666666658
20191108,8.3,8.37,8.25,8.3,16856.2,13971.532,8.300000000000006,8.365000000000002,8.518,8.801,9.175333333333326
20191111,8.25,8.28,8.05,8.11,18291.35,14883.2,8.246000000000006,8.311000000000002,8.479500000000002,8.721333333333336,9.150499999999992
20191112,8.2,8.3,8.13,8.2,18647.0,15289.867,8.228000000000005,8.276000000000002,8.445500000000001,8.634666666666668,9.124833333333326
20191113,8.24,8.39,8.17,8.27,20157.01,16686.596999999998,8.236000000000004,8.260000000000002,8.421000000000003,8.556000000000001,9.099333333333327
20191114,8.27,8.33,8.17,8.26,14887.7,12288.756000000001,8.228000000000003,8.262000000000004,8.399000000000003,8.512333333333334,9.070999999999993
20191115,8.27,8.56,8.24,8.42,31095.89,26121.451,8.252000000000004,8.276000000000003,8.392500000000002,8.499333333333334,9.053833333333325
20191118,8.42,8.49,8.27,8.4,22165.04,18513.166,8.310000000000004,8.278000000000004,8.390000000000002,8.495666666666667,9.037666666666658
20191119,8.4,8.69,8.33,8.53,24831.74,21065.569,8.376000000000005,8.302000000000003,8.384000000000002,8.496333333333332,9.021833333333323
20191120,8.52,8.55,8.42,8.42,14042.41,11889.604,8.406000000000006,8.321000000000003,8.373000000000001,8.485333333333333,9.001999999999988
20191121,8.48,8.48,8.31,8.33,13644.0,11411.301000000001,8.420000000000005,8.324000000000003,8.360000000000003,8.470333333333333,8.981333333333321
20191122,8.33,8.4,8.15,8.22,19032.0,15724.203000000001,8.380000000000006,8.316000000000004,8.340500000000002,8.450666666666667,8.960499999999989
20191125,8.2,8.28,8.19,8.23,13126.0,10801.572,8.346000000000005,8.328000000000005,8.319500000000001,8.429,8.944166666666655
20191126,8.23,8.28,8.18,8.22,9273.4,7627.911999999999,8.284000000000004,8.330000000000004,8.303,8.407000000000002,8.926666666666655
20191127,8.17,8.3,8.17,8.19,10495.0,8635.201,8.238000000000003,8.322000000000005,8.291,8.388000000000002,8.910333333333323
20191128,8.19,8.24,8.1,8.14,15166.11,12379.92,8.200000000000005,8.310000000000004,8.286000000000001,8.369333333333335,8.889499999999991
20191129,8.13,8.24,8.06,8.23,14630.9,11904.123,8.202000000000004,8.291000000000004,8.2835,8.358666666666668,8.871833333333324
20191202,8.4,8.58,8.26,8.45,30562.0,25879.206000000002,8.246000000000004,8.296000000000003,8.287,8.358666666666668,8.86016666666666
20191203,8.46,8.53,8.1,8.49,17994.0,15116.659,8.300000000000004,8.292000000000003,8.297,8.353333333333335,8.852333333333325
20191204,8.41,8.56,8.4,8.5,15630.82,13295.021999999999,8.362000000000005,8.300000000000002,8.310500000000001,8.348666666666668,8.841499999999993
20191205,8.56,8.6,8.45,8.52,13577.83,11556.166000000001,8.438000000000006,8.319000000000003,8.321500000000002,8.346333333333334,8.828833333333327
20191206,8.55,8.55,8.45,8.49,13860.34,11760.091,8.490000000000006,8.346000000000002,8.331000000000001,8.342333333333332,8.813999999999993
20191209,8.52,9.13,8.52,9.05,67557.03,59925.845,8.610000000000005,8.428,8.378000000000004,8.355666666666666,8.807666666666659
20191210,9.11,9.61,8.95,9.3,71281.07,66502.273,8.772000000000004,8.536000000000001,8.433000000000003,8.380666666666665,8.804166666666658
20191211,9.38,9.52,9.2,9.51,44875.99,42194.477,8.974000000000004,8.668000000000003,8.495000000000003,8.416666666666664,8.802666666666658
20191212,9.52,9.75,9.41,9.6,38560.68,36946.36,9.190000000000003,8.814000000000002,8.562000000000003,8.461999999999998,8.800333333333326
20191213,9.68,9.87,9.51,9.63,24464.4,23524.722,9.418000000000003,8.954,8.622500000000004,8.506999999999998,8.79899999999999
20191216,9.73,10.22,9.72,10.11,48026.01,48158.59,9.630000000000004,9.120000000000001,8.708000000000002,8.564666666666664,8.802999999999992
20191217,10.12,10.12,9.81,10.01,48293.15,48017.483,9.772000000000002,9.272000000000002,8.782000000000002,8.621999999999996,8.801166666666658
20191218,9.96,9.98,9.86,9.93,30892.34,30603.402000000002,9.856000000000003,9.415000000000001,8.857500000000003,8.678666666666663,8.801333333333325
20191219,9.96,10.1,9.85,9.97,27968.28,27796.877999999997,9.930000000000003,9.56,8.939500000000002,8.73433333333333,8.802666666666658
20191220,10.13,10.3,10.03,10.12,35656.14,36120.593,10.028000000000002,9.723000000000003,9.034500000000003,8.794999999999996,8.797999999999993
20191223,10.17,10.7,10.03,10.2,45651.72,47128.74,10.046000000000001,9.838000000000003,9.133000000000003,8.864666666666663,8.792999999999994
20191224,10.28,10.55,10.22,10.5,36191.82,37625.564,10.144000000000002,9.958000000000002,9.247000000000003,8.94133333333333,8.787999999999993
20191225,10.5,10.54,10.22,10.3,35070.0,36325.587999999996,10.218000000000002,10.037000000000003,9.352500000000003,9.008999999999997,8.782499999999994
20191226,10.35,10.43,10.07,10.28,33026.74,33855.028,10.280000000000003,10.105000000000002,9.459500000000002,9.07633333333333,8.794333333333325
20191227,10.31,10.38,9.89,10.15,45618.08,46723.960999999996,10.286000000000003,10.157000000000004,9.555500000000004,9.133999999999995,8.81666666666666
20191231,9.95,9.95,9.33,9.45,92054.26,88390.719,10.136000000000001,10.091000000000005,9.605500000000003,9.168999999999995,8.832333333333327
20200102,9.49,10.3,9.37,9.95,83867.01,83319.63900000001,10.026000000000002,10.085000000000004,9.678500000000003,9.21633333333333,8.856333333333328
20200103,9.94,10.03,9.67,9.7,49891.23,48840.721,9.906000000000002,10.062000000000003,9.738500000000002,9.258999999999995,8.872166666666661
20200106,9.79,9.91,9.48,9.74,38012.9,36909.69,9.798000000000004,10.039000000000003,9.799500000000002,9.305999999999996,8.888166666666661
20200107,9.74,9.87,9.69,9.77,21448.13,20888.221999999998,9.722000000000005,10.004000000000001,9.863500000000002,9.357666666666661,8.904166666666663
20200108,9.79,9.84,9.52,9.55,33725.0,32545.907000000003,9.742000000000004,9.939000000000002,9.888500000000002,9.401666666666662,8.91533333333333
20200109,9.58,9.8,9.58,9.71,36166.01,35129.443,9.694000000000006,9.860000000000003,9.909000000000002,9.451333333333327,8.929166666666664
20200110,9.74,10.1,9.72,9.91,55636.49,55354.247,9.736000000000004,9.821000000000002,9.929000000000002,9.508666666666661,8.948333333333329
20200113,9.91,10.21,9.8,10.06,41689.03,41590.457,9.800000000000004,9.799000000000003,9.952000000000002,9.572666666666661,8.970999999999995
20200114,10.08,10.27,9.97,10.17,39267.57,39834.446,9.880000000000004,9.801000000000002,9.979000000000003,9.637333333333327,8.997999999999994
20200115,10.17,10.22,9.91,10.03,25421.2,25451.982000000004,9.976000000000004,9.859000000000002,9.975000000000003,9.689999999999994,9.024333333333326
20200116,10.05,10.08,9.8,9.87,23833.2,23612.313,10.008000000000004,9.851000000000003,9.968000000000004,9.735999999999994,9.04466666666666
20200117,9.87,10.03,9.83,9.91,18185.86,18020.85,10.008000000000004,9.872000000000002,9.967000000000002,9.782999999999994,9.065833333333327
20200120,10.5,10.5,10.05,10.1,48761.01,49650.742,10.016000000000004,9.908000000000001,9.973500000000003,9.835666666666663,9.090999999999992
20200121,10.14,10.24,9.92,9.93,27828.0,27850.513,9.968000000000004,9.924000000000003,9.964000000000002,9.883666666666663,9.112999999999992
20200122,9.95,10.05,9.66,9.96,23204.0,22931.713,9.954000000000004,9.965000000000002,9.952000000000004,9.913999999999994,9.134833333333326
20200123,9.96,10.02,9.42,9.6,26418.66,25742.618,9.900000000000004,9.954000000000002,9.907000000000004,9.923999999999996,9.152333333333328
20200203,8.65,9.13,8.64,8.9,69906.25,61465.892,9.698000000000004,9.853000000000003,9.837000000000003,9.90366666666666,9.160166666666662
20200204,9.11,9.79,9.11,9.79,76765.7,72894.082,9.636000000000005,9.826000000000002,9.812500000000004,9.909999999999995,9.185999999999995
20200205,10.18,10.77,9.6,10.43,134401.97,137533.307,9.736000000000004,9.852000000000002,9.826500000000003,9.936666666666662,9.221833333333327
20200206,10.55,11.2,10.51,10.78,160837.2,174481.073,9.900000000000004,9.927000000000003,9.893000000000004,9.958999999999994,9.261833333333326
20200207,10.95,10.95,10.19,10.42,127495.63,135112.014,10.064000000000004,9.982000000000003,9.916500000000003,9.972666666666662,9.297333333333325
20200210,11.18,11.18,10.55,10.59,113328.76,121918.663,10.402000000000005,10.050000000000002,9.961000000000004,9.99466666666666,9.33666666666666
20200211,10.54,10.54,10.05,10.15,76443.87,78135.405,10.474000000000006,10.055000000000003,9.981500000000004,10.000666666666659,9.367499999999994
20200212,10.2,10.3,9.9,10.16,60241.98,60848.32,10.420000000000005,10.078000000000003,10.001000000000003,10.001999999999992,9.398499999999993
20200213,10.17,10.41,9.92,10.41,68207.47,69209.03,10.346000000000007,10.123000000000001,10.044000000000002,10.008999999999993,9.436833333333327
20200214,10.27,11.45,10.27,11.45,224171.21,249950.276,10.552000000000007,10.308000000000003,10.131000000000002,10.04066666666666,9.490999999999993
20200217,11.85,12.55,11.7,12.12,319360.64,387623.86,10.858000000000008,10.630000000000003,10.241500000000002,10.101333333333326,9.55516666666666
20200218,11.83,13.33,11.81,13.06,292332.52,363497.645,11.440000000000008,10.957000000000003,10.391500000000002,10.193999999999994,9.63516666666666
20200219,12.45,12.5,11.75,11.84,230185.75,278667.161,11.776000000000007,11.098000000000003,10.475000000000003,10.250333333333327,9.69216666666666
20200220,11.94,12.35,11.94,12.28,139521.08,170180.277,12.15000000000001,11.248000000000001,10.587500000000002,10.34466666666666,9.756833333333327
20200221,11.9,13.0,11.9,12.69,175381.55,218539.208,12.398000000000007,11.475000000000001,10.728500000000002,10.435999999999995,9.826166666666662
20200224,13.2,13.48,12.53,12.62,175559.78,227658.52800000002,12.498000000000008,11.678,10.864000000000003,10.533333333333328,9.896166666666662
20200225,12.55,12.55,12.01,12.42,106396.92,130820.984,12.370000000000008,11.905000000000001,10.980000000000002,10.622666666666662,9.964333333333327
20200226,12.41,13.45,12.25,12.77,160678.29,207451.25600000002,12.556000000000006,12.166000000000002,11.122000000000003,10.722666666666662,10.04016666666666
20200227,12.76,12.89,11.88,12.29,97294.69,119798.64,12.558000000000003,12.354000000000003,11.238500000000002,10.813999999999995,10.107833333333327
20200228,12.41,13.32,12.19,12.55,235157.24,299811.748,12.530000000000005,12.464000000000002,11.386000000000003,10.908666666666663,10.17999999999999
20200302,13.16,13.3,12.75,13.15,208906.67,273331.105,12.636000000000006,12.567000000000002,11.598500000000003,11.01666666666666,10.262666666666657
20200303,12.99,13.2,12.58,12.93,192556.66,247940.63100000002,12.738000000000005,12.554000000000002,11.755500000000003,11.112333333333329,10.34249999999999
20200304,12.75,12.92,11.95,12.37,141400.01,175793.40600000002,12.658000000000007,12.607000000000003,11.852500000000003,11.18566666666666,10.41149999999999
20200305,12.38,12.58,12.01,12.17,93428.3,114206.7,12.634000000000007,12.596,11.922000000000002,11.256999999999996,10.473499999999989
20200306,12.06,12.87,12.01,12.52,133401.99,167066.669,12.628000000000009,12.579000000000002,12.027000000000005,11.345333333333327,10.540666666666654
20200309,12.52,12.52,11.71,11.81,121112.0,145596.659,12.36000000000001,12.498000000000001,12.088000000000005,11.40866666666666,10.59583333333332
20200310,11.31,11.57,10.9,11.53,87572.22,99310.52,12.080000000000009,12.409000000000002,12.157000000000004,11.456333333333326,10.645999999999987
20200311,11.72,11.72,11.16,11.16,67421.52,76358.057,11.83800000000001,12.248000000000003,12.207000000000004,11.497333333333327,10.690499999999986
20200312,11.24,11.37,10.75,10.86,71439.0,79113.729,11.576000000000008,12.105000000000004,12.229500000000003,11.527333333333328,10.720666666666654
20200313,10.26,10.62,9.91,10.56,74467.19,76813.605,11.184000000000008,11.906000000000004,12.185000000000004,11.559333333333326,10.741666666666653
20200316,10.72,10.96,10.15,10.24,63438.6,67554.208,10.870000000000008,11.615000000000004,12.091000000000005,11.603999999999994,10.75383333333332
20200317,10.2,10.44,9.66,9.95,58599.0,58230.847,10.554000000000007,11.317000000000004,11.935500000000003,11.609333333333327,10.759666666666654
20200318,10.13,10.48,10.01,10.07,62979.6,64181.357,10.336000000000007,11.087000000000003,11.847000000000003,11.597333333333326,10.766999999999989
20200319,9.97,10.17,9.66,9.99,51413.01,50916.508,10.162000000000008,10.869000000000003,11.732500000000003,11.570999999999994,10.764999999999988
20200320,10.04,10.25,9.98,10.07,33497.42,33753.997,10.064000000000007,10.624000000000002,11.601500000000003,11.559333333333326,10.76599999999999
20200323,10.0,10.0,9.44,9.46,45936.28,44766.629,9.908000000000007,10.389000000000001,11.443500000000004,11.52166666666666,10.758166666666657
20200324,9.62,9.75,9.1,9.5,41216.0,39073.708,9.818000000000007,10.186000000000002,11.297500000000003,11.499999999999995,10.750333333333323
20200325,9.7,9.85,9.63,9.7,37797.2,36637.074,9.744000000000007,10.040000000000003,11.144000000000002,11.48466666666666,10.743333333333323
20200326,9.73,10.58,9.61,10.35,97869.83,98836.416,9.816000000000006,9.989,11.047000000000002,11.48266666666666,10.745833333333325
20200327,10.3,10.49,10.12,10.18,58572.0,60063.693,9.838000000000006,9.951000000000002,10.928500000000003,11.440333333333326,10.74049999999999
20200330,10.18,10.36,10.0,10.2,38281.21,38928.777,9.986000000000006,9.947000000000003,10.781000000000002,11.376333333333326,10.738833333333325
20200331,10.26,10.26,9.87,9.9,39218.0,39468.962999999996,10.066000000000006,9.942000000000004,10.629500000000002,11.270999999999992,10.732499999999991
20200401,10.06,10.37,9.99,10.05,33353.35,33902.344,10.136000000000005,9.940000000000003,10.513500000000002,11.211333333333327,10.730833333333324
20200402,9.95,10.3,9.83,10.24,35350.38,35649.987,10.114000000000004,9.965000000000003,10.417000000000003,11.143333333333327,10.743999999999991
20200403,10.15,10.37,10.08,10.1,33541.01,34282.737,10.098000000000004,9.968000000000004,10.296000000000003,11.056999999999995,10.74649999999999
20200407,10.23,10.34,10.15,10.28,37583.32,38615.57,10.114000000000004,10.050000000000002,10.219500000000002,10.978999999999994,10.756166666666655
20200408,10.3,10.3,10.07,10.26,29519.8,30143.341,10.186000000000003,10.126000000000003,10.156000000000002,10.906999999999993,10.764833333333321
20200409,10.33,10.35,10.22,10.27,30810.55,31701.826,10.230000000000004,10.183000000000003,10.111500000000003,10.82366666666666,10.773166666666656
20200410,10.28,10.28,9.83,9.83,36045.03,36149.75,10.148000000000003,10.131000000000004,10.060000000000002,10.741666666666658,10.777833333333323
20200413,9.69,10.06,9.62,9.84,32203.01,31846.552000000003,10.096000000000002,10.097000000000003,10.024000000000003,10.651333333333325,10.77999999999999
20200414,9.86,10.05,9.85,10.04,26141.16,26031.516,10.048000000000002,10.081000000000001,10.014000000000001,10.54766666666666,10.782166666666656
20200415,10.12,10.29,10.0,10.12,39981.0,40591.199,10.020000000000001,10.103000000000002,10.022500000000003,10.453999999999992,10.783166666666657
20200416,10.11,10.19,9.9,10.09,38608.0,38749.257000000005,9.984000000000004,10.107000000000003,10.023500000000002,10.377999999999991,10.781833333333326
20200417,10.11,10.31,9.99,10.17,52253.0,53150.65900000001,10.052000000000003,10.100000000000003,10.032500000000002,10.311333333333325,10.784166666666659
20200420,10.21,10.42,10.07,10.38,46287.05,47470.916,10.160000000000005,10.128000000000004,10.048000000000002,10.239999999999991,10.792666666666658
20200421,10.45,10.5,10.21,10.26,38319.0,39531.061,10.204000000000004,10.126000000000003,10.088000000000001,10.188333333333325,10.798499999999992
20200422,10.15,10.41,10.07,10.33,34628.01,35506.562999999995,10.246000000000006,10.133000000000003,10.129500000000002,10.148333333333325,10.802333333333326
20200423,10.39,11.36,10.31,11.36,131383.06,143988.94199999998,10.500000000000005,10.242000000000003,10.212500000000002,10.154999999999992,10.82616666666666
20200424,11.79,12.0,11.1,11.19,199936.8,231301.824,10.704000000000004,10.378000000000004,10.254500000000004,10.165999999999991,10.84666666666666
20200427,11.02,11.38,10.52,10.64,108214.73,116667.933,10.756000000000004,10.458000000000002,10.277500000000003,10.168666666666658,10.863999999999994
20200428,10.4,10.43,9.58,9.6,125950.66,122900.061,10.624000000000006,10.414000000000001,10.247500000000004,10.147333333333325,10.87566666666666
20200429,9.51,9.94,9.51,9.77,54486.04,52800.511,10.512000000000006,10.379000000000001,10.241000000000003,10.141333333333325,10.875333333333327
20200430,9.7,10.09,9.65,9.9,43473.3,42903.148,10.220000000000006,10.360000000000001,10.233500000000003,10.135666666666657,10.866499999999995
20200506,9.73,10.16,9.61,9.98,40418.81,40129.328,9.978000000000005,10.341000000000001,10.220500000000003,10.135333333333325,10.853166666666661
20200507,10.05,10.05,9.83,9.9,29436.03,29246.501,9.830000000000005,10.293000000000003,10.210500000000003,10.129666666666656,10.844499999999995
20200508,9.9,10.05,9.9,9.96,25023.14,24983.972,9.902000000000005,10.263000000000002,10.194500000000003,10.146333333333324,10.833999999999996
20200511,10.0,10.08,9.86,9.96,27211.0,27111.87,9.940000000000007,10.226,10.179500000000004,10.161666666666656,10.830833333333329
20200512,9.96,10.03,9.85,9.99,28664.0,28542.474,9.958000000000007,10.089,10.165500000000005,10.171333333333324,10.827999999999998
20200513,10.0,10.14,9.93,10.06,25618.01,25674.507,9.974000000000007,9.976,10.177000000000003,10.161666666666656,10.822166666666664
20200514,10.06,10.07,9.85,9.88,19607.01,19468.872,9.970000000000008,9.9,10.179000000000004,10.151666666666655,10.795999999999996
20200515,9.9,9.98,9.76,9.79,21191.0,20851.445,9.936000000000007,9.919,10.166500000000003,10.13799999999999,10.757166666666661
20200518,9.86,9.94,9.71,9.77,17500.0,17194.762,9.898000000000007,9.919,10.149000000000004,10.133666666666658,10.70233333333333
20200519,9.85,9.85,9.75,9.77,17178.57,16800.617,9.854000000000006,9.905999999999999,10.133000000000004,10.124333333333322,10.667833333333329
20200520,9.8,9.83,9.63,9.65,21754.83,21199.737,9.772000000000006,9.873,10.107000000000005,10.104666666666654,10.623999999999995
20200521,9.68,9.75,9.34,9.41,27884.0,26694.773999999998,9.678000000000004,9.823999999999998,10.058500000000006,10.081666666666655,10.569333333333327
20200522,9.4,9.45,9.13,9.23,24499.57,22613.752,9.566000000000004,9.751,10.007000000000005,10.046666666666656,10.512833333333328
20200525,9.32,9.32,9.07,9.08,13885.58,12728.985,9.428000000000003,9.663,9.944500000000005,10.007333333333323,10.457166666666662
20200526,9.08,9.22,9.08,9.2,17803.0,16319.598999999998,9.314000000000004,9.584,9.836500000000004,9.971666666666657,10.397666666666662
20200527,9.17,9.27,9.1,9.11,17445.57,16033.308,9.206000000000005,9.489,9.732500000000005,9.947666666666658,10.344666666666663
20200528,9.16,9.26,8.9,9.1,18259.02,16594.628,9.144000000000005,9.411,9.655500000000004,9.922999999999993,10.287166666666666
20200529,9.13,9.24,9.05,9.16,15201.01,13928.332,9.130000000000004,9.347999999999999,9.633500000000003,9.89366666666666,10.220666666666665
20200601,9.22,9.47,9.2,9.41,22560.0,21157.227000000003,9.196000000000003,9.312,9.615500000000003,9.869999999999994,10.161999999999999
20200602,9.48,9.49,9.31,9.34,21587.02,20252.892,9.224000000000004,9.269,9.587500000000002,9.844999999999994,10.1115
20200603,9.41,9.57,9.37,9.41,19966.0,18915.374,9.284000000000002,9.245,9.559000000000003,9.81966666666666,10.065499999999998
20200604,9.46,9.46,9.32,9.36,15325.02,14344.706,9.336000000000002,9.239999999999998,9.532000000000004,9.78566666666666,10.012833333333333
20200605,9.4,9.4,9.24,9.3,12377.04,11509.928,9.364000000000004,9.246999999999998,9.499000000000004,9.753666666666662,9.971
20200608,9.35,9.41,9.27,9.32,13928.99,12982.645,9.346000000000004,9.270999999999999,9.467000000000002,9.719999999999995,9.934166666666668
20200609,9.36,9.4,9.3,9.37,14305.59,13389.518,9.352000000000004,9.288,9.436000000000003,9.65366666666666,9.904333333333335
20200610,9.42,9.44,9.31,9.38,18007.32,16875.046000000002,9.346000000000004,9.315,9.402000000000003,9.593333333333328,9.879666666666669
20200611,9.42,9.74,9.39,9.46,41869.13,39903.622,9.366000000000003,9.350999999999999,9.381000000000004,9.553999999999995,9.861333333333336
20200612,9.22,9.46,9.2,9.33,24099.38,22528.34,9.372000000000003,9.367999999999999,9.358000000000004,9.544999999999993,9.84616666666667
20200615,9.33,9.65,9.32,9.57,34515.4,32785.448,9.422000000000002,9.384,9.348000000000003,9.538333333333327,9.839833333333337
20200616,9.69,9.69,9.51,9.56,20375.56,19456.061,9.460000000000004,9.406,9.337500000000002,9.526999999999994,9.831333333333335
20200617,9.58,10.39,9.53,10.18,79804.35,79513.15,9.620000000000003,9.483,9.364000000000003,9.53366666666666,9.8345
20200618,10.1,10.1,9.74,9.91,59866.54,59085.221,9.710000000000004,9.538,9.389000000000003,9.533999999999995,9.831833333333332
20200619,9.84,9.89,9.62,9.66,37431.1,36397.286,9.776000000000005,9.574000000000002,9.410500000000003,9.523999999999997,9.835166666666664
20200622,9.79,9.95,9.7,9.77,36300.25,35633.815,9.816000000000004,9.619,9.445000000000004,9.517666666666663,9.839666666666664
20200623,9.67,10.18,9.66,10.04,53108.51,52847.012,9.912000000000003,9.685999999999998,9.487000000000004,9.51933333333333,9.84533333333333
20200624,10.06,10.09,9.85,9.87,28064.45,27842.363999999998,9.850000000000003,9.735,9.525000000000002,9.512999999999998,9.83733333333333
20200629,10.0,10.15,9.86,10.02,37321.55,37352.082,9.872000000000003,9.791,9.571000000000003,9.517666666666663,9.834666666666664
20200630,10.03,10.1,9.94,10.0,34657.11,34643.439,9.940000000000003,9.858,9.613000000000003,9.524666666666663,9.83133333333333
20200701,9.98,9.98,9.76,9.82,33666.77,33122.553,9.950000000000003,9.883000000000001,9.633500000000003,9.52633333333333,9.829999999999997
20200702,9.72,9.9,9.72,9.84,29811.75,29326.037999999997,9.910000000000004,9.911000000000001,9.658500000000004,9.528666666666663,9.8265
20200703,9.84,9.94,9.83,9.92,29797.67,29426.81,9.920000000000005,9.885000000000002,9.684000000000003,9.537666666666665,9.821166666666665
20200706,9.94,10.28,9.94,10.26,66090.56,67225.433,9.968000000000004,9.920000000000003,9.729000000000003,9.565999999999997,9.823833333333331
20200707,10.3,10.47,10.12,10.31,66060.98,68164.431,10.030000000000005,9.985000000000003,9.779500000000002,9.601999999999997,9.82433333333333
20200708,10.45,10.98,10.22,10.71,76617.03,81063.728,10.208000000000004,10.079000000000004,9.849000000000002,9.656333333333329,9.83183333333333
20200709,10.72,10.87,10.6,10.81,76668.75,82163.39,10.402000000000005,10.156000000000002,9.921000000000003,9.709999999999997,9.84083333333333
20200710,10.75,10.81,10.55,10.59,49912.38,53405.44,10.536000000000005,10.228000000000003,9.981500000000002,9.759333333333329,9.853499999999997
20200713,10.62,11.3,10.5,11.14,87426.85,94652.05300000001,10.712000000000005,10.340000000000003,10.065500000000002,9.827333333333327,9.875166666666663
20200714,11.09,11.09,10.67,10.84,65270.31,70853.231,10.818000000000003,10.424000000000003,10.141000000000002,9.883333333333326,9.888499999999997
20200715,10.84,10.99,10.45,10.55,44817.19,47851.166,10.786000000000003,10.497000000000003,10.190000000000001,9.921333333333326,9.895666666666664
20200716,10.55,10.67,10.1,10.16,44077.14,45712.805,10.656000000000002,10.529000000000002,10.220000000000002,9.94866666666666,9.896833333333328
20200717,10.16,10.24,10.05,10.2,24932.0,25310.735,10.578000000000003,10.557000000000002,10.221,9.974999999999993,9.89733333333333
20200720,10.3,10.54,10.23,10.54,37128.78,38620.656,10.458000000000002,10.585,10.252500000000001,10.014333333333326,9.899999999999997
20200721,10.54,10.57,10.35,10.53,29188.64,30569.342999999997,10.396000000000004,10.607000000000001,10.296000000000001,10.055333333333325,9.904499999999995
20200722,10.46,10.53,10.28,10.31,32366.1,33664.464,10.348000000000004,10.567000000000002,10.323,10.088333333333326,9.904166666666661
20200723,10.35,10.35,9.91,10.22,35988.42,36414.308,10.360000000000005,10.508000000000001,10.332,10.116666666666658,9.885166666666661
20200724,10.2,10.44,9.95,10.0,49932.01,50793.482,10.320000000000004,10.449000000000002,10.3385,10.137333333333325,9.865333333333327
20200727,10.42,10.88,10.11,10.78,119065.24,125628.601,10.368000000000006,10.413,10.3765,10.181333333333326,9.86766666666666
20200728,10.96,11.86,10.85,11.22,233065.03,267120.635,10.506000000000004,10.451,10.4375,10.244333333333326,9.89466666666666
20200729,11.0,11.73,10.7,11.46,181619.08,203955.4,10.736000000000004,10.542,10.5195,10.307333333333327,9.922833333333328
20200730,12.61,12.61,12.0,12.61,417611.72,525351.031,11.214000000000004,10.787,10.658,10.408999999999994,9.967999999999995
20200731,13.0,13.87,12.68,13.87,230556.4,308104.32,11.988000000000005,11.154,10.855500000000001,10.531999999999993,10.032833333333327
20200803,15.26,15.26,15.26,15.26,12154.06,18547.095,12.884000000000006,11.626000000000001,11.105500000000001,10.710333333333326,10.122166666666661
20200804,16.79,16.79,16.01,16.79,657850.12,1101372.045,13.998000000000008,12.252,11.4295,10.947999999999992,10.235999999999994
20200805,15.12,17.07,15.11,15.89,596847.8,938234.337,14.88400000000001,12.810000000000002,11.688500000000001,11.151999999999992,10.334833333333327
20200806,15.25,15.49,14.3,14.36,469720.98,689459.005,15.234000000000009,13.224000000000004,11.866,11.295999999999992,10.40766666666666
20200807,13.93,15.24,13.8,14.73,353446.67,511221.244,15.40600000000001,13.697000000000003,12.072999999999999,11.457999999999993,10.485499999999995
20200810,14.44,16.2,14.08,15.87,434143.18,663065.531,15.52800000000001,14.206000000000003,12.3095,11.652999999999993,10.585333333333327
20200811,15.47,16.3,14.28,14.49,364205.19,557307.567,15.068000000000007,14.533000000000005,12.492,11.80266666666666,10.663666666666662
20200812,14.14,15.38,14.14,15.3,289643.68,430981.222,14.950000000000006,14.917000000000005,12.729499999999998,11.985333333333328,10.755833333333328
20200813,15.05,16.83,14.71,16.22,580357.79,944698.68,15.322000000000006,15.278000000000002,13.032499999999995,12.197999999999997,10.863333333333328
20200814,15.82,16.26,14.6,14.76,447317.02,670174.5,15.328000000000007,15.367,13.260499999999997,12.359333333333328,10.948499999999996
20200817,14.95,16.24,14.58,16.24,474693.76,749465.025,15.402000000000005,15.465000000000003,13.545499999999995,12.558666666666662,11.06233333333333
20200818,16.33,17.67,15.85,16.14,563730.2,933192.307,15.732000000000005,15.400000000000002,13.825999999999997,12.752999999999995,11.177499999999997
20200819,15.6,15.77,14.89,15.16,370185.66,562113.814,15.704000000000004,15.327000000000004,14.068499999999997,12.90133333333333,11.278833333333328
20200820,14.66,15.15,14.32,14.77,184190.21,271362.147,15.414000000000005,15.368000000000006,14.295999999999996,13.03333333333333,11.37166666666666
20200821,14.98,15.08,13.88,14.63,266801.65,386297.49700000003,15.388000000000002,15.358000000000008,14.527499999999995,13.167999999999997,11.46366666666666
20200824,14.5,14.5,14.01,14.02,128816.05,182059.475,14.944000000000003,15.173000000000007,14.689499999999995,13.263999999999998,11.545666666666659
20200825,13.81,14.29,13.42,13.46,155063.98,213839.652,14.408000000000001,15.070000000000007,14.801499999999994,13.351333333333331,11.617333333333328
20200826,13.18,13.39,12.6,12.6,173026.98,223286.129,13.896,14.800000000000006,14.858499999999996,13.419666666666664,11.670499999999995
20200827,12.68,12.82,12.25,12.59,122134.8,153258.521,13.460000000000003,14.437000000000006,14.857499999999993,13.500666666666662,11.72466666666666
20200828,12.66,12.81,12.46,12.71,84244.23,106523.384,13.076000000000004,14.232000000000008,14.799499999999991,13.584333333333328,11.779666666666662
20200831,12.71,12.8,12.35,12.4,107289.96,135102.022,12.752000000000006,13.848000000000008,14.65649999999999,13.646333333333327,11.830333333333328
20200901,12.44,12.56,12.33,12.43,66275.0,82393.408,12.546000000000005,13.47700000000001,14.43849999999999,13.709666666666662,11.882499999999995
20200902,12.43,12.48,12.08,12.15,108259.12,132463.25699999998,12.456000000000005,13.17600000000001,14.25149999999999,13.770999999999994,11.92966666666666
20200903,12.17,12.43,12.04,12.2,95683.77,117054.076,12.378000000000004,12.919000000000008,14.143499999999989,13.836999999999993,11.976833333333328
20200904,12.05,12.51,11.86,12.47,110310.33,134344.093,12.330000000000002,12.703000000000008,14.03049999999999,13.919333333333327,12.028333333333329
20200907,12.58,12.66,12.15,12.41,106868.02,132445.03699999998,12.332000000000004,12.542000000000009,13.857499999999991,13.973666666666663,12.077499999999993
20200908,12.4,13.51,12.25,13.24,195692.9,254619.573,12.494000000000003,12.520000000000007,13.794999999999991,14.040999999999995,12.14266666666666
20200909,12.9,13.22,12.67,12.9,104573.0,134979.331,12.644000000000004,12.550000000000008,13.674999999999988,14.088999999999995,12.198166666666658
20200910,12.87,13.32,12.74,13.01,98956.05,129202.587,12.806000000000003,12.592000000000008,13.514499999999988,14.102333333333327,12.25566666666666
20200911,12.97,13.43,12.85,13.31,106349.04,141075.527,12.974000000000004,12.652000000000006,13.441999999999988,14.08366666666666,12.307833333333326
20200914,14.0,14.0,13.36,13.81,127411.66,174379.212,13.254000000000005,12.793000000000006,13.320499999999987,14.035333333333329,12.372833333333325
20200915,13.58,14.24,13.58,14.24,105997.01,148950.086,13.454000000000004,12.974000000000007,13.225499999999988,13.950333333333328,12.44916666666666
20200916,14.19,14.19,13.84,13.87,70081.0,97680.168,13.648000000000005,13.146000000000006,13.160999999999987,13.882999999999994,12.517499999999993
20200917,13.81,13.82,13.33,13.45,75537.4,102488.491,13.736000000000004,13.271000000000006,13.094999999999988,13.85266666666666,12.574333333333328
20200918,13.54,14.03,13.43,13.8,100612.02,138458.855,13.834000000000003,13.404000000000007,13.053499999999989,13.82166666666666,12.639833333333327
20200921,13.9,15.0,13.6,14.75,181848.5,265738.202,14.022000000000002,13.638000000000009,13.08999999999999,13.784333333333327,12.71866666666666
20200922,14.76,15.2,14.65,14.86,140503.02,210685.19199999998,14.146000000000004,13.800000000000006,13.159999999999991,13.79666666666666,12.799666666666662
20200923,14.9,15.43,14.9,15.08,101013.47,152735.438,14.388000000000002,14.018000000000006,13.283999999999988,13.789333333333326,12.887333333333327
20200924,15.08,15.29,14.77,14.8,76497.0,114094.655,14.658000000000001,14.197000000000008,13.39449999999999,13.741999999999992,12.969999999999994
20200925,14.87,15.34,14.59,14.59,99809.94,148774.81900000002,14.816000000000003,14.325000000000008,13.488499999999991,13.736333333333326,13.047833333333328
20200928,14.61,15.14,14.61,14.89,89158.0,132612.625,14.844000000000003,14.43300000000001,13.61299999999999,13.691333333333324,13.124999999999995
20200929,14.76,15.14,14.65,14.75,77400.78,115314.101,14.822000000000003,14.484000000000009,13.72899999999999,13.64499999999999,13.198999999999995
20200930,14.75,14.95,14.26,14.59,66697.77,97198.70800000001,14.724000000000004,14.556000000000008,13.85099999999999,13.625999999999989,13.263666666666662
20201009,14.82,15.29,14.76,14.9,50123.77,74863.39,14.744000000000005,14.701000000000011,13.98599999999999,13.630333333333322,13.331833333333329
20201012,15.2,15.26,14.62,14.86,88719.61,132406.723,14.798000000000005,14.807000000000011,14.105499999999989,13.63799999999999,13.402999999999995
20201013,15.05,15.05,14.58,14.71,58947.0,86690.955,14.762000000000004,14.803000000000011,14.220499999999987,13.66099999999999,13.462499999999997
20201014,14.82,15.86,14.64,15.18,152922.69,234442.979,14.848000000000003,14.835000000000013,14.317499999999987,13.718333333333325,13.534833333333328
20201015,15.18,15.41,14.86,15.34,69154.0,105386.025,14.998000000000001,14.861000000000013,14.439499999999986,13.809666666666656,13.614666666666663
20201016,15.31,15.57,14.72,14.92,81088.77,121391.222,15.002,14.87300000000001,14.534999999999988,13.887333333333324,13.693999999999996
20201019,14.99,15.0,14.52,14.67,48277.0,71138.162,14.964000000000002,14.881000000000009,14.602999999999989,13.952666666666659,13.768499999999994
20201020,14.9,14.9,14.21,14.76,45783.0,66528.908,14.974,14.868000000000006,14.650499999999989,14.031333333333325,13.838833333333328
20201021,15.15,15.66,14.83,15.25,132309.11,202081.081,14.988,14.918000000000006,14.700999999999988,14.125333333333325,13.917499999999995
20201022,15.02,15.1,14.31,14.76,99017.02,144860.667,14.872,14.935000000000006,14.745499999999987,14.212333333333326,13.991666666666664
20201023,14.84,14.97,14.36,14.4,45614.82,66728.895,14.768,14.885000000000005,14.792999999999987,14.285666666666659,14.061333333333328
20201026,14.41,14.75,14.31,14.61,32152.0,46881.81,14.756,14.860000000000003,14.833499999999987,14.356999999999992,14.138166666666661
20201027,14.44,14.72,14.44,14.58,25270.76,36743.864,14.719999999999999,14.847000000000003,14.824999999999985,14.429333333333323,14.201499999999998
20201028,14.55,14.68,14.28,14.58,24242.7,35141.542,14.585999999999999,14.787000000000003,14.810999999999984,14.47399999999999,14.257499999999997
20201029,14.39,14.74,14.39,14.56,31435.05,45795.577000000005,14.545999999999998,14.709000000000003,14.784999999999986,14.529333333333323,14.309166666666663
20201030,14.43,14.57,14.35,14.4,29473.01,42493.261,14.545999999999998,14.657000000000005,14.764999999999983,14.575666666666656,14.338999999999995
20201102,14.0,14.4,13.35,13.9,70819.66,98436.90400000001,14.404,14.580000000000007,14.730499999999983,14.595333333333322,14.339499999999994
20201103,13.84,14.49,13.8,14.31,38697.76,54546.8,14.35,14.535000000000007,14.701499999999985,14.61199999999999,14.32366666666666
20201104,14.44,15.26,14.19,15.0,102367.08,152585.708,14.434000000000001,14.510000000000009,14.713999999999984,14.637333333333322,14.293833333333328
20201105,15.09,15.36,14.95,15.01,64853.04,97937.38900000001,14.524000000000001,14.535000000000007,14.734999999999985,14.675333333333322,14.279166666666661
20201106,15.19,15.22,14.6,14.7,45755.0,67725.118,14.584,14.565000000000007,14.724999999999985,14.716999999999988,14.284833333333328
20201109,14.72,15.0,14.55,14.76,53250.12,78657.219,14.756,14.580000000000007,14.719999999999985,14.748999999999988,14.285333333333329
20201110,14.8,15.26,14.66,14.77,58336.61,87219.867,14.847999999999999,14.599000000000007,14.722999999999985,14.749666666666654,14.266999999999994
20201111,14.76,15.15,14.62,14.86,48499.35,72077.38900000001,14.819999999999999,14.627000000000006,14.706999999999985,14.749666666666654,14.273166666666661
20201112,14.81,15.14,14.65,14.75,48879.34,72497.455,14.767999999999997,14.646000000000006,14.677499999999986,14.738666666666655,14.263999999999994
20201113,14.58,14.86,14.45,14.69,38447.26,56082.848,14.765999999999996,14.675000000000006,14.665999999999986,14.734999999999987,14.238499999999995
20201116,14.71,15.05,14.55,15.01,61208.26,91292.962,14.815999999999997,14.786000000000005,14.682999999999984,14.748999999999988,14.242666666666661
20201117,15.05,15.2,14.74,14.82,49401.0,73663.47099999999,14.825999999999997,14.837000000000003,14.685999999999984,14.746666666666654,14.218999999999996
20201118,14.7,14.9,14.51,14.69,29110.68,42713.832,14.791999999999996,14.806000000000003,14.657999999999983,14.744666666666655,14.19483333333333
20201119,14.65,14.74,14.3,14.55,38204.93,55306.170999999995,14.751999999999995,14.760000000000005,14.647499999999985,14.743333333333322,14.184666666666663
20201120,14.49,14.69,14.42,14.59,21663.62,31517.292,14.731999999999996,14.749000000000006,14.656999999999986,14.732999999999988,14.181666666666665
20201123,14.69,14.69,14.13,14.18,53190.83,76049.348,14.565999999999994,14.691000000000008,14.635499999999984,14.710333333333322,14.174166666666663
20201124,14.04,14.26,13.96,14.12,33028.1,46513.130999999994,14.425999999999993,14.626000000000008,14.612499999999986,14.690666666666656,14.175833333333332
20201125,14.01,14.18,13.71,13.79,32440.33,44916.419,14.245999999999992,14.519000000000005,14.572999999999988,14.644333333333323,14.18133333333333
20201126,13.99,13.99,13.5,13.76,28724.1,39299.551,14.087999999999994,14.420000000000005,14.532999999999987,14.591666666666658,14.200666666666661
20201127,13.88,13.88,13.51,13.76,20276.0,27688.644,13.921999999999993,14.327000000000004,14.500999999999987,14.55299999999999,14.220166666666662
20201130,13.76,13.83,13.55,13.63,24341.0,33225.727999999996,13.811999999999994,14.189000000000004,14.487499999999988,14.518333333333322,14.235499999999995
20201201,13.55,13.69,13.38,13.61,22275.0,30142.609,13.709999999999994,14.068000000000007,14.45249999999999,14.47999999999999,14.255666666666661
20201202,13.61,13.73,13.42,13.51,24843.67,33564.638,13.653999999999996,13.950000000000006,14.37799999999999,14.42199999999999,14.273666666666662
20201203,13.51,13.56,13.23,13.42,27267.01,36489.227999999996,13.585999999999995,13.837000000000003,14.29849999999999,14.377333333333324,14.294833333333328
20201204,13.39,13.58,13.28,13.54,25164.0,33781.805,13.541999999999993,13.732000000000003,14.240499999999992,14.348666666666658,14.31716666666666
20201207,13.49,13.6,13.21,13.21,22478.0,30023.497000000003,13.457999999999993,13.635000000000002,14.162999999999991,14.30199999999999,14.329499999999994
20201208,13.12,13.31,13.0,13.12,26611.28,34945.287000000004,13.359999999999994,13.535000000000002,14.080499999999992,14.253333333333325,14.341333333333328
20201209,13.06,13.34,12.91,13.22,37610.67,49294.115,13.301999999999992,13.478000000000003,13.998499999999993,14.207999999999993,14.340999999999996
20201210,13.19,13.25,12.92,13.23,35542.6,46432.962999999996,13.263999999999992,13.425000000000002,13.922499999999994,14.16366666666666,14.346499999999995
20201211,13.21,13.7,13.14,13.32,55208.61,74047.569,13.219999999999994,13.381000000000004,13.853999999999994,14.127666666666661,14.351666666666663
20201214,13.34,13.38,13.0,13.02,23472.0,30616.843999999997,13.181999999999993,13.320000000000004,13.754499999999993,14.098333333333327,14.34683333333333
20201215,13.03,13.03,12.7,12.83,29107.51,37370.367999999995,13.123999999999992,13.242000000000008,13.654999999999992,14.048999999999994,14.330499999999999
20201216,12.83,12.95,12.19,12.2,39631.46,49216.240999999995,12.919999999999993,13.111000000000008,13.530499999999993,13.95566666666666,14.2965
20201217,12.22,13.42,12.22,13.42,100045.29,131144.012,12.957999999999993,13.111000000000008,13.473999999999993,13.90266666666666,14.288999999999998
20201218,13.29,13.41,12.9,12.96,58464.7,76660.135,12.885999999999996,13.053000000000008,13.392499999999993,13.84466666666666,14.280833333333332
20201221,13.25,13.25,12.74,12.87,31083.02,40087.02,12.855999999999998,13.019000000000009,13.326999999999993,13.781666666666661,14.265333333333333
20201222,12.87,13.73,12.76,13.1,62555.51,83073.40299999999,12.909999999999997,13.017000000000007,13.275999999999993,13.725999999999996,14.237833333333333
20201223,12.8,13.26,12.8,13.06,33603.79,43783.789000000004,13.081999999999997,13.001000000000008,13.239499999999992,13.665999999999995,14.207833333333332
20201224,13.24,13.43,12.91,12.95,27273.02,35631.897000000004,12.987999999999996,12.973000000000008,13.198999999999993,13.605999999999995,14.172333333333333
20201225,12.81,13.1,12.54,12.56,36608.28,46347.452000000005,12.907999999999998,12.89700000000001,13.138999999999992,13.534999999999995,14.134999999999998
20201228,13.0,13.82,13.0,13.19,68515.6,91753.534,12.971999999999998,12.914000000000007,13.116999999999994,13.474333333333329,14.111666666666666
20201229,13.02,13.47,13.0,13.29,54756.14,72519.07400000001,13.009999999999996,12.960000000000004,13.100999999999994,13.423333333333328,14.084999999999999
20201230,13.2,13.38,13.04,13.15,29185.01,38377.362,13.027999999999997,13.055000000000007,13.082999999999993,13.371999999999995,14.058333333333332
20201231,13.15,13.8,13.0,13.7,58165.6,78328.6,13.177999999999997,13.083000000000007,13.09699999999999,13.34366666666666,14.043499999999998
20210104,13.6,13.6,13.25,13.37,44620.26,59715.997,13.339999999999998,13.124000000000006,13.088499999999991,13.302999999999995,14.017999999999999
20210105,13.26,13.36,12.81,12.87,51123.04,66464.363,13.276,13.124000000000006,13.071499999999991,13.259333333333329,13.984833333333333
20210106,12.8,13.11,12.63,12.99,31259.06,40163.689,13.215999999999998,13.113000000000008,13.064999999999992,13.221666666666662,13.956166666666665
20210107,12.78,12.89,12.36,12.41,37904.0,47570.075,13.067999999999994,13.048000000000007,13.024499999999993,13.175666666666663,13.909999999999998
20210108,12.36,12.39,11.76,11.95,31689.68,37902.744,12.717999999999995,12.948000000000008,12.96049999999999,13.115333333333329,13.853499999999999
20210111,11.95,11.95,10.76,10.92,60364.78,67508.468,12.227999999999996,12.784000000000006,12.840499999999992,13.020666666666664,13.786833333333332
20210112,10.87,11.12,10.56,10.78,37135.98,40051.384,11.809999999999995,12.543000000000006,12.72849999999999,12.925666666666663,13.722
20210113,10.78,10.87,10.0,10.3,48744.87,50452.199,11.271999999999995,12.244000000000009,12.601999999999988,12.81533333333333,13.647666666666664
20210114,10.31,10.81,10.02,10.67,44700.76,46685.401,10.923999999999996,11.996000000000006,12.525499999999989,12.720666666666663,13.571333333333332
20210115,10.56,10.86,10.55,10.7,20777.0,22243.267999999996,10.673999999999996,11.696000000000005,12.389499999999988,12.629999999999995,13.503666666666666
